c2pg1520.19i
     1.0            IONOSPHERE MAPS     GNSS                IONEX VERSION / TYPE
IONINX V5.3         AIUB                31-MAY-19 08:55     PGM / RUN BY / DATE 
CODE'S 2-DAY PREDICTED IONOSPHERE MAPS FOR DAY 152, 2019    COMMENT             
Global ionosphere maps (GIM) are generated on a daily basis DESCRIPTION         
at CODE using data from about 120 GNSS sites of the IGS and DESCRIPTION         
other institutions. The vertical total electron content     DESCRIPTION         
(VTEC) is modeled in a solar-geomagnetic reference frame    DESCRIPTION         
using a spherical harmonics expansion up to degree and      DESCRIPTION         
order 15. Piece-wise linear functions are used for          DESCRIPTION         
representation in the time domain. The time spacing of      DESCRIPTION         
their vertices is 1 hour, conforming with the epochs of the DESCRIPTION         
VTEC maps.                                                  DESCRIPTION         
To convert line-of-sight TEC into vertical TEC, a modified  DESCRIPTION         
single-layer model mapping function approximating the JPL   DESCRIPTION         
extended slab model mapping function is adopted. The        DESCRIPTION         
mapping function is evaluated at geodetic satellite         DESCRIPTION         
elevation angles. For the computation of the ionospheric    DESCRIPTION         
pierce points, a spherical layer with a radius of 6821 km   DESCRIPTION         
is assumed, implying geocentric, not geodetic IONEX         DESCRIPTION         
latitudes.                                                  DESCRIPTION         
Instrumental biases with respect to each involved GNSS code DESCRIPTION         
observable are estimated as constant values for each        DESCRIPTION         
day. They are modeled with one set of bias parameters for   DESCRIPTION         
each satellite and each station in case of GPS and for each DESCRIPTION         
satellite-station link in case of GLONASS. The code bias    DESCRIPTION         
datum is defined by zero-mean conditions imposed on the     DESCRIPTION         
satellite bias estimates. In this file, just GPS C1W-C2W    DESCRIPTION         
satellite and station bias values are included. The         DESCRIPTION         
complete set of GNSS code bias results is provided in an    DESCRIPTION         
additional Bias-SINEX file as pseudo-absolute values        DESCRIPTION         
specific to each observable.                                DESCRIPTION         
Contact address: code(at)aiub.unibe.ch                      DESCRIPTION         
Data archive:    ftp.aiub.unibe.ch/CODE/                    DESCRIPTION         
                 www.aiub.unibe.ch/download/CODE/           DESCRIPTION         
  2019     6     1     0     0     0                        EPOCH OF FIRST MAP  
  2019     6     2     0     0     0                        EPOCH OF LAST MAP   
  3600                                                      INTERVAL            
    25                                                      # OF MAPS IN FILE   
  NONE                                                      MAPPING FUNCTION    
    10.0                                                    ELEVATION CUTOFF    
One-way carrier phase leveled to code                       OBSERVABLES USED    
  6371.0                                                    BASE RADIUS         
     2                                                      MAP DIMENSION       
   450.0 450.0   0.0                                        HGT1 / HGT2 / DHGT  
    87.5 -87.5  -2.5                                        LAT1 / LAT2 / DLAT  
  -180.0 180.0   5.0                                        LON1 / LON2 / DLON  
    -1                                                      EXPONENT            
TEC/RMS values in 0.1 TECU; 9999, if no value available     COMMENT             
                                                            END OF HEADER       
[from data line 5577]
    14                                                      START OF TEC MAP    
  2019     6     1    13     0     0                        EPOCH OF CURRENT MAP
    87.5-180.0 180.0   5.0 450.0                            LAT/LON1/LON2/DLON/H
   78   78   79   79   79   79   79   79   80   80   80   80   80   80   80   80
   80   81   81   81   81   81   81   81   81   81   81   81   81   81   81   81
   81   81   81   81   81   81   81   81   81   81   81   80   80   80   80   80
   80   80   80   79   79   79   79   79   79   79   78   78   78   78   78   78
   78   78   78   78   78   78   78   78   78
    85.0-180.0 180.0   5.0 450.0                            LAT/LON1/LON2/DLON/H
   75   75   76   76   77   77   78   78   78   79   79   79   80   80   80   80
   80   80   80   80   80   80   80   80   80   80   80   80   80   80   80   80
   80   80   81   81   81   81   81   81   81   81   81   81   80   80   80   80
   80   79   79   79   78   78   78   77   77   76   76   76   75   75   75   74
   74   74   74   74   74   74   74   75   75
    82.5-180.0 180.0   5.0 450.0                            LAT/LON1/LON2/DLON/H
   70   71   72   73   74   74   75   76   77   77   78   78   79   79   79   80
   80   80   80   80   80   80   80   79   79   79   79   79   79   79   79   79
   79   80   80   80   80   80   80   81   81   81   81   80   80   80   80   79
   79   79   78   78   77   77   76   75   74   74   73   72   72   71   70   70
   69   69   69   69   69   69   69   70   70
    80.0-180.0 180.0   5.0 450.0                            LAT/LON1/LON2/DLON/H
   65   66   67   68   69   71   72   73   74   75   76   76   77   78   78   78
   79   79   79   79   79   79   79   78   78   78   78   78   77   77   78   78
   78   78   79   79   79   80   80   80   80   80   80   80   80   79   79   79
   78   78   77   76   76   75   74   73   72   71   70   69   68   67   66   65
   64   64   63   63   63   63   63   64   65
    77.5-180.0 180.0   5.0 450.0                            LAT/LON1/LON2/DLON/H
   58   60   61   63   65   66   68   69   70   72   73   73   74   75   76   76
   77   77   78   78   78   78   78   78   77   77   77   76   76   76   76   76
   77   77   78   78   78   79   79   79   79   79   78   78   78   78   77   77
   77   76   76   75   74   74   73   72   71   70   68   67   66   64   63   61
   60   59   57   57   56   56   57   57   58
    75.0-180.0 180.0   5.0 450.0                            LAT/LON1/LON2/DLON/H
   52   54   55   57   59   61   63   65   66   67   68   69   70   71   72   73
   74   75   76   77   78   78   78   78   77   77   76   75   75   75   75   75
   75   76   76   77   77   77   77   77   77   76   76   76   76   75   75   75
   75   74   74   73   73   72   71   70   69   68   67   66   64   62   61   59
   57   55   53   52   51   50   50   51   52
    72.5-180.0 180.0   5.0 450.0                            LAT/LON1/LON2/DLON/H
   47   48   50   52   54   56   58   60   61   63   64   65   66   67   69   70
   72   73   75   76   77   78   78   78   77   77   76   75   74   74   74   74
   74   75   75   75   75   75   75   74   74   73   73   73   73   73   73   73
   73   73   73   72   71   71   70   69   69   68   67   65   64   62   60   58
   55   53   51   48   47   46   45   46   47
    70.0-180.0 180.0   5.0 450.0                            LAT/LON1/LON2/DLON/H
   42   44   45   47   49   51   53   55   56   58   59   60   62   63   65   67
   69   71   73   75   76   77   78   78   77   76   75   74   73   73   73   73
   73   74   74   74   73   73   72   71   70   70   69   69   70   70   71   72
   72   72   71   71   70   70   69   69   68   67   67   66   65   63   61   59
   56   53   50   47   45   43   42   42   42
    67.5-180.0 180.0   5.0 450.0                            LAT/LON1/LON2/DLON/H
   40   40   42   43   45   47   48   50   51   53   54   56   58   60   62   64
   67   69   71   73   75   76   77   77   77   76   75   74   73   72   72   72
   72   73   73   72   71   70   69   67   67   66   66   67   68   69   70   71
   72   72   71   70   70   69   68   68   68   68   68   67   66   65   63   61
   58   55   51   48   45   43   41   40   40
    65.0-180.0 180.0   5.0 450.0                            LAT/LON1/LON2/DLON/H
   39   39   39   40   41   43   44   45   46   48   50   52   54   57   59   62
   65   67   69   71   73   74   75   76   75   75   74   73   72   71   71   72
   72   72   72   71   69   68   66   65   64   64   65   66   68   70   71   72
   73   72   72   71   70   69   68   68   68   68   69   69   68   67   66   64
   61   57   54   50   47   44   41   40   39
    62.5-180.0 180.0   5.0 450.0                            LAT/LON1/LON2/DLON/H
   39   38   38   38   39   39   40   41   42   44   46   48   51   54   57   60
   63   65   67   68   70   71   72   73   73   73   72   72   72   72   72   72
   73   72   72   70   68   66   64   63   63   64   65   67   70   72   74   75
   75   74   73   72   70   69   68   68   69   69   70   71   71   70   69   66
   64   60   57   53   49   46   43   41   39
    60.0-180.0 180.0   5.0 450.0                            LAT/LON1/LON2/DLON/H
   41   39   38   37   37   37   38   38   39   40   42   45   49   52   56   59
   61   63   64   65   66   68   69   70   71   71   71   72   72   73   73   74
   74   74   73   71   69   67   65   64   64   66   68   71   74   76   78   78
   78   77   75   73   72   70   70   70   71   72   73   73   73   73   71   69
   66   63   60   56   53   49   46   43   41
    57.5-180.0 180.0   5.0 450.0                            LAT/LON1/LON2/DLON/H
   43   41   39   38   37   37   37   37   37   38   40   43   47   51   54   58
   60   61   62   62   63   64   65   67   68   70   71   72   73   75   76   77
   77   76   75   73   71   69   68   67   68   70   73   76   79   81   82   83
   82   80   78   76   74   73   72   73   74   75   77   77   77   75   73   71
   68   65   62   59   56   52   49   46   43
    55.0-180.0 180.0   5.0 450.0                            LAT/LON1/LON2/DLON/H
   46   44   42   40   39   38   38   37   37   37   39   41   45   49   53   56
   59   60   60   60   61   62   63   65   67   69   71   74   76   78   79   80
   80   80   79   77   75   73   72   73   74   76   80   83   85   87   87   86
   85   84   82   80   78   77   77   78   79   81   82   82   81   79   76   73
   70   67   64   61   58   55   52   49   46
    52.5-180.0 180.0   5.0 450.0                            LAT/LON1/LON2/DLON/H
   50   47   45   43   42   42   41   40   39   39   39   41   44   48   52   55
   58   59   60   60   60   61   63   65   68   71   74   76   79   82   83   84
   85   84   83   82   81   80   80   80   82   84   87   89   91   92   91   90
   89   87   86   84   83   83   83   85   87   88   89   89   87   83   79   75
   71   68   65   63   60   58   55   53   50
    50.0-180.0 180.0   5.0 450.0                            LAT/LON1/LON2/DLON/H
   53   51   49   48   47   47   46   45   44   42   42   42   44   47   51   55
   58   60   61   61   62   63   65   68   71   74   77   80   83   86   88   89
   89   89   88   88   88   88   88   89   91   92   95   96   97   96   95   93
   92   92   91   90   90   90   91   93   95   97   98   97   93   89   83   78
   74   70   67   64   62   60   58   56   53
    47.5-180.0 180.0   5.0 450.0                            LAT/LON1/LON2/DLON/H
   57   55   53   52   52   52   52   52   50   48   46   44   45   47   51   55
   59   62   63   65   66   67   70   73   76   79   82   85   88   90   92   93
   93   94   94   95   96   98   98   99  100  101  102  102  102  100   99   97
   97   97   97   97   98   98  100  102  105  107  107  105  101   95   89   83
   77   73   69   66   63   62   60   59   57
    45.0-180.0 180.0   5.0 450.0                            LAT/LON1/LON2/DLON/H
   59   58   57   56   57   58   59   59   57   54   51   48   47   49   52   56
   61   65   67   69   71   73   76   79   82   85   88   90   93   95   96   97
   98   99  100  103  106  108  110  110  111  111  110  109  108  105  104  103
  103  104  105  106  106  107  109  111  114  116  117  114  109  102   95   88
   82   77   72   68   65   63   62   61   59
    42.5-180.0 180.0   5.0 450.0                            LAT/LON1/LON2/DLON/H
   61   60   59   59   60   61   63   64   63   61   57   53   51   52   55   59
   64   69   72   75   78   80   83   85   88   91   93   95   97   98  100  101
  102  104  107  112  116  120  122  122  122  121  120  118  115  112  111  110
  111  112  114  115  116  117  119  121  124  125  125  122  116  109  102   95
   88   82   76   71   67   65   63   62   61
    40.0-180.0 180.0   5.0 450.0                            LAT/LON1/LON2/DLON/H
   62   61   60   59   60   62   65   67   67   65   62   58   56   56   59   64
   69   74   78   81   84   87   89   92   94   96   98   99  100  102  103  105
  107  111  115  121  127  132  135  135  134  133  131  128  125  122  121  120
  121  122  124  125  126  127  128  130  132  133  132  128  122  115  107  101
   94   88   81   75   70   66   65   63   62
    37.5-180.0 180.0   5.0 450.0                            LAT/LON1/LON2/DLON/H
   62   61   59   58   59   61   64   66   68   68   65   62   60   60   64   69
   74   79   83   87   90   92   95   97   99  101  102  103  104  105  107  110
  114  119  125  132  140  145  148  149  148  147  144  141  138  135  133  133
  133  134  134  135  136  137  138  139  139  139  136  131  125  118  112  106
  100   94   86   79   72   68   66   64   62
    35.0-180.0 180.0   5.0 450.0                            LAT/LON1/LON2/DLON/H
   62   60   58   56   55   56   59   62   65   66   65   64   63   64   68   74
   79   84   88   92   94   97   99  101  102  104  105  106  107  109  112  117
  122  128  136  144  152  158  161  163  163  162  160  157  153  150  148  147
  146  145  145  145  145  146  147  146  145  142  138  132  126  120  114  109
  104   98   90   82   75   70   67   64   62
    32.5-180.0 180.0   5.0 450.0                            LAT/LON1/LON2/DLON/H
   62   59   56   53   51   51   53   56   59   62   63   63   64   67   72   78
   84   88   92   95   98  100  101  102  104  106  107  109  111  114  119  125
  132  140  149  157  165  171  174  176  178  178  176  173  170  167  164  162
  159  157  154  153  154  155  155  153  149  144  138  131  124  118  113  110
  106  101   93   85   77   71   67   65   62
    30.0-180.0 180.0   5.0 450.0                            LAT/LON1/LON2/DLON/H
   62   59   55   52   48   46   46   48   52   55   58   59   62   67   74   81
   87   91   94   97   99  101  102  103  105  107  110  112  116  121  128  136
  144  153  162  170  177  183  186  189  192  193  192  190  186  182  179  176
  171  166  162  161  162  163  162  158  151  143  135  126  119  114  110  107
  105  100   94   86   78   72   68   65   62
    27.5-180.0 180.0   5.0 450.0                            LAT/LON1/LON2/DLON/H
   62   59   56   51   47   43   41   42   45   48   51   54   58   65   73   81
   88   92   95   97   99  101  102  103  105  108  112  116  122  129  137  147
  157  167  176  183  189  193  197  200  204  206  206  204  200  196  192  187
  181  174  169  167  168  170  168  162  152  140  129  120  112  107  104  102
  100   97   92   85   78   73   68   65   62
    25.0-180.0 180.0   5.0 450.0                            LAT/LON1/LON2/DLON/H
   63   60   57   53   48   43   39   38   40   42   45   48   53   61   71   80
   87   91   94   96   99  101  102  103  105  109  115  121  129  137  148  160
  171  181  189  195  199  202  205  209  214  217  217  214  210  205  201  196
  189  180  174  172  174  175  172  163  150  135  122  112  104   98   95   94
   93   90   87   82   76   72   68   65   63
    22.5-180.0 180.0   5.0 450.0                            LAT/LON1/LON2/DLON/H
   62   60   58   55   50   44   40   37   37   39   41   44   48   57   67   77
   85   89   92   95   98  100  101  103  106  112  119  127  136  147  159  172
  183  193  200  205  207  209  211  215  220  224  224  221  216  211  207  201
  194  185  178  177  178  178  173  162  145  128  114  103   95   89   86   84
   83   82   80   76   72   69   66   64   62
    20.0-180.0 180.0   5.0 450.0                            LAT/LON1/LON2/DLON/H
   60   59   58   56   53   48   42   39   38   39   39   41   45   52   63   74
   82   87   90   93   96   99  102  104  108  115  124  134  145  157  170  183
  195  204  210  213  214  215  217  220  224  227  227  223  218  213  209  204
  196  188  182  180  180  179  172  158  139  121  105   93   86   80   77   74
   73   72   71   69   67   65   63   61   60
    17.5-180.0 180.0   5.0 450.0                            LAT/LON1/LON2/DLON/H
   56   56   57   56   54   50   46   42   41   40   40   40   42   49   60   71
   80   85   88   91   95   99  103  107  112  120  131  142  154  167  180  192
  204  212  218  220  220  220  221  223  227  228  227  222  217  213  209  205
  198  190  184  181  181  178  169  153  132  112   96   85   77   72   68   65
   64   63   62   61   60   59   58   57   56
    15.0-180.0 180.0   5.0 450.0                            LAT/LON1/LON2/DLON/H
   51   51   52   53   53   51   48   45   44   43   42   41   42   47   58   69
   78   84   87   91   95  100  105  110  117  126  138  151  164  176  188  200
  211  219  223  225  225  225  225  226  228  228  225  220  214  210  207  203
  197  190  184  181  180  175  164  146  125  105   89   78   71   66   61   58
   56   55   54   54   54   53   52   52   51
    12.5-180.0 180.0   5.0 450.0                            LAT/LON1/LON2/DLON/H
   44   44   45   47   49   49   47   46   46   46   44   42   42   47   56   68
   78   84   88   91   96  102  108  115  123  134  146  160  173  185  196  207
  216  223  227  229  229  229  229  229  228  226  222  216  211  207  204  200
  195  188  183  179  176  169  157  138  118   99   84   74   66   61   57   53
   50   49   48   48   47   47   46   45   44
    10.0-180.0 180.0   5.0 450.0                            LAT/LON1/LON2/DLON/H
   38   37   37   39   42   43   44   44   45   46   45   43   42   46   55   67
   77   85   89   93   98  104  112  121  131  142  155  168  181  192  202  211
  219  225  229  231  232  232  232  230  228  224  219  213  207  203  200  196
  191  184  179  175  170  162  149  131  112   95   81   71   64   58   54   51
   48   46   44   43   43   42   41   40   38
     7.5-180.0 180.0   5.0 450.0                            LAT/LON1/LON2/DLON/H
   33   30   30   31   34   37   38   40   42   44   44   43   42   45   53   65
   77   86   91   95  101  108  118  127  138  150  162  176  188  198  207  214
  220  225  229  231  233  234  233  231  227  222  215  209  203  198  194  189
  184  178  172  168  162  153  140  124  108   92   80   70   63   57   53   50
   48   45   43   42   41   40   38   36   33
     5.0-180.0 180.0   5.0 450.0                            LAT/LON1/LON2/DLON/H
   31   27   25   25   27   30   32   34   37   40   41   40   39   42   50   63
   76   86   93   98  104  113  123  134  145  156  169  181  193  202  209  215
  219  223  227  229  231  232  232  229  224  218  210  203  197  192  186  180
  174  168  163  157  151  142  131  117  104   91   79   69   62   57   54   52
   49   47   45   43   41   39   37   35   31
     2.5-180.0 180.0   5.0 450.0                            LAT/LON1/LON2/DLON/H
   31   27   23   22   23   25   26   28   31   34   36   36   35   38   46   59
   73   86   94  101  108  118  129  140  151  162  173  185  195  203  209  213
  216  219  222  224  226  227  227  224  219  211  204  196  190  183  176  169
  162  156  150  145  138  130  121  110   99   89   78   69   62   58   55   54
   53   51   48   45   43   41   39   36   31
