c2pg1520.19i
     1.0            IONOSPHERE MAPS     GNSS                IONEX VERSION / TYPE
IONINX V5.3         AIUB                31-MAY-19 08:55     PGM / RUN BY / DATE 
CODE'S 2-DAY PREDICTED IONOSPHERE MAPS FOR DAY 152, 2019    COMMENT             
Global ionosphere maps (GIM) are generated on a daily basis DESCRIPTION         
at CODE using data from about 120 GNSS sites of the IGS and DESCRIPTION         
other institutions. The vertical total electron content     DESCRIPTION         
(VTEC) is modeled in a solar-geomagnetic reference frame    DESCRIPTION         
using a spherical harmonics expansion up to degree and      DESCRIPTION         
order 15. Piece-wise linear functions are used for          DESCRIPTION         
representation in the time domain. The time spacing of      DESCRIPTION         
their vertices is 1 hour, conforming with the epochs of the DESCRIPTION         
VTEC maps.                                                  DESCRIPTION         
To convert line-of-sight TEC into vertical TEC, a modified  DESCRIPTION         
single-layer model mapping function approximating the JPL   DESCRIPTION         
extended slab model mapping function is adopted. The        DESCRIPTION         
mapping function is evaluated at geodetic satellite         DESCRIPTION         
elevation angles. For the computation of the ionospheric    DESCRIPTION         
pierce points, a spherical layer with a radius of 6821 km   DESCRIPTION         
is assumed, implying geocentric, not geodetic IONEX         DESCRIPTION         
latitudes.                                                  DESCRIPTION         
Instrumental biases with respect to each involved GNSS code DESCRIPTION         
observable are estimated as constant values for each        DESCRIPTION         
day. They are modeled with one set of bias parameters for   DESCRIPTION         
each satellite and each station in case of GPS and for each DESCRIPTION         
satellite-station link in case of GLONASS. The code bias    DESCRIPTION         
datum is defined by zero-mean conditions imposed on the     DESCRIPTION         
satellite bias estimates. In this file, just GPS C1W-C2W    DESCRIPTION         
satellite and station bias values are included. The         DESCRIPTION         
complete set of GNSS code bias results is provided in an    DESCRIPTION         
additional Bias-SINEX file as pseudo-absolute values        DESCRIPTION         
specific to each observable.                                DESCRIPTION         
Contact address: code(at)aiub.unibe.ch                      DESCRIPTION         
Data archive:    ftp.aiub.unibe.ch/CODE/                    DESCRIPTION         
                 www.aiub.unibe.ch/download/CODE/           DESCRIPTION         
  2019     6     1     0     0     0                        EPOCH OF FIRST MAP  
  2019     6     2     0     0     0                        EPOCH OF LAST MAP   
  3600                                                      INTERVAL            
    25                                                      # OF MAPS IN FILE   
  NONE                                                      MAPPING FUNCTION    
    10.0                                                    ELEVATION CUTOFF    
One-way carrier phase leveled to code                       OBSERVABLES USED    
  6371.0                                                    BASE RADIUS         
     2                                                      MAP DIMENSION       
   450.0 450.0   0.0                                        HGT1 / HGT2 / DHGT  
    87.5 -87.5  -2.5                                        LAT1 / LAT2 / DLAT  
  -180.0 180.0   5.0                                        LON1 / LON2 / DLON  
    -1                                                      EXPONENT            
TEC/RMS values in 0.1 TECU; 9999, if no value available     COMMENT             
                                                            END OF HEADER       
[from data line 429]
     2                                                      START OF TEC MAP    
  2019     6     1     1     0     0                        EPOCH OF CURRENT MAP
    87.5-180.0 180.0   5.0 450.0                            LAT/LON1/LON2/DLON/H
   80   81   81   81   81   81   81   81   81   80   80   80   80   79   79   79
   78   78   77   77   76   76   75   75   74   74   73   73   72   72   72   71
   71   71   71   71   71   71   71   71   71   71   71   71   72   72   72   72
   73   73   73   74   74   75   75   75   76   76   76   77   77   78   78   78
   79   79   79   79   80   80   80   80   80
    85.0-180.0 180.0   5.0 450.0                            LAT/LON1/LON2/DLON/H
   83   83   83   84   84   84   84   84   84   84   84   83   83   83   82   81
   80   79   78   77   76   75   74   73   71   70   69   68   67   67   66   66
   65   65   65   65   65   65   65   66   66   66   67   67   68   69   69   70
   70   71   71   72   73   73   74   75   75   76   76   77   77   78   78   79
   79   80   80   81   81   82   82   82   83
    82.5-180.0 180.0   5.0 450.0                            LAT/LON1/LON2/DLON/H
   83   83   84   84   84   85   85   86   86   86   86   86   85   85   84   83
   82   81   79   78   76   74   72   70   68   67   65   63   62   61   60   60
   59   59   60   60   60   61   61   62   63   64   64   65   66   67   67   68
   69   69   70   71   72   72   73   74   75   75   76   77   77   78   78   79
   79   80   80   80   81   81   82   82   83
    80.0-180.0 180.0   5.0 450.0                            LAT/LON1/LON2/DLON/H
   80   81   82   82   83   84   85   85   86   86   86   86   86   86   85   84
   83   82   80   78   76   73   71   68   66   63   61   59   57   56   55   55
   55   55   56   56   57   58   59   61   62   63   64   64   65   66   67   67
   68   69   69   70   71   72   72   73   74   75   76   76   77   77   78   78
   78   78   79   79   79   79   80   80   80
    77.5-180.0 180.0   5.0 450.0                            LAT/LON1/LON2/DLON/H
   77   78   79   79   80   81   82   83   84   85   85   85   86   85   85   84
   83   82   80   78   76   73   70   67   64   61   58   56   54   52   51   51
   51   52   53   54   56   57   59   60   62   63   64   65   65   66   67   67
   68   68   69   69   70   71   72   73   74   75   76   76   77   77   77   77
   77   77   77   77   77   77   77   77   77
    75.0-180.0 180.0   5.0 450.0                            LAT/LON1/LON2/DLON/H
   74   75   75   76   77   78   79   80   81   82   83   83   83   84   83   83
   83   82   80   78   76   73   70   66   63   59   56   53   51   50   49   49
   49   50   52   53   55   57   59   60   62   63   64   65   65   66   66   67
   67   68   68   69   69   70   71   72   74   75   76   76   77   77   77   77
   77   76   76   75   75   75   74   74   74
    72.5-180.0 180.0   5.0 450.0                            LAT/LON1/LON2/DLON/H
   73   73   73   73   74   75   76   77   78   79   79   80   80   81   81   81
   81   80   79   78   76   73   70   66   63   59   55   52   50   48   47   47
   48   49   51   52   54   56   57   59   60   61   62   63   64   65   66   66
   66   67   67   68   68   69   71   72   73   75   76   77   78   78   78   78
   77   77   76   75   74   74   73   73   73
    70.0-180.0 180.0   5.0 450.0                            LAT/LON1/LON2/DLON/H
   72   72   71   72   72   73   73   74   75   76   76   77   77   78   78   78
   78   78   78   77   75   73   70   66   63   59   55   52   49   48   47   47
   47   48   49   50   52   53   54   55   56   58   59   60   61   63   64   64
   65   66   66   67   67   68   69   71   73   75   76   78   79   79   79   79
   78   78   77   76   75   74   74   73   72
    67.5-180.0 180.0   5.0 450.0                            LAT/LON1/LON2/DLON/H
   73   72   71   71   71   71   72   72   73   73   74   74   74   75   75   76
   76   76   76   75   74   72   69   66   62   58   55   52   49   47   46   46
   46   46   46   47   47   47   48   49   50   51   53   55   57   59   61   62
   63   64   65   65   66   67   68   70   72   74   77   78   80   81   81   81
   80   80   79   78   78   77   76   75   73
    65.0-180.0 180.0   5.0 450.0                            LAT/LON1/LON2/DLON/H
   76   74   73   71   71   70   70   71   71   71   71   72   72   72   73   74
   74   75   74   74   72   70   68   65   61   58   54   51   49   47   46   45
   44   43   42   42   41   40   40   41   42   44   46   49   52   55   57   59
   61   62   63   63   64   65   66   69   71   74   77   79   81   82   82   83
   82   82   82   82   81   81   79   78   76
    62.5-180.0 180.0   5.0 450.0                            LAT/LON1/LON2/DLON/H
   80   77   75   73   72   71   70   70   70   70   70   70   71   71   72   73
   73   73   73   72   70   68   66   63   60   57   54   51   49   47   45   43
   42   40   38   36   34   33   32   33   34   36   39   43   47   50   53   56
   59   60   61   62   62   63   65   67   70   74   77   80   82   84   84   84
   85   85   85   85   85   85   84   82   80
    60.0-180.0 180.0   5.0 450.0                            LAT/LON1/LON2/DLON/H
   84   81   78   76   74   72   71   71   70   70   70   70   70   71   72   73
   74   73   72   71   68   66   63   60   58   55   53   50   48   46   44   42
   39   36   33   30   28   26   26   26   28   31   35   39   43   47   50   54
   57   59   60   61   62   62   64   67   70   74   78   82   84   85   86   86
   87   87   88   89   89   89   88   87   84
    57.5-180.0 180.0   5.0 450.0                            LAT/LON1/LON2/DLON/H
   89   86   83   80   77   76   74   73   72   71   70   70   70   72   73   75
   75   75   73   70   67   64   61   59   56   54   52   50   48   46   43   41
   37   34   30   27   24   22   22   24   26   29   33   37   41   45   48   52
   56   58   60   61   62   63   65   68   72   76   80   84   86   87   88   88
   89   89   91   92   93   93   93   91   89
    55.0-180.0 180.0   5.0 450.0                            LAT/LON1/LON2/DLON/H
   94   91   88   85   83   81   79   78   76   74   72   71   72   73   75   77
   78   77   75   71   68   64   61   58   56   54   53   51   48   46   43   40
   36   33   29   26   23   22   23   25   28   31   35   38   41   44   48   52
   56   59   62   63   64   65   67   70   74   79   83   87   88   89   89   90
   90   91   92   94   95   96   96   95   94
    52.5-180.0 180.0   5.0 450.0                            LAT/LON1/LON2/DLON/H
   98   96   94   92   90   88   86   84   81   78   76   74   74   76   78   80
   81   81   78   75   70   66   63   60   58   56   54   52   50   47   44   40
   37   33   30   27   26   26   27   30   33   37   39   42   43   46   49   52
   57   61   65   67   69   70   72   75   79   84   88   90   91   92   91   91
   92   93   94   95   97   98   99   99   98
    50.0-180.0 180.0   5.0 450.0                            LAT/LON1/LON2/DLON/H
  102  101  100   99   97   96   95   92   89   85   81   79   78   79   81   84
   85   85   83   79   75   71   67   64   62   60   58   55   52   48   45   41
   38   35   33   31   31   32   35   38   41   44   46   47   47   48   51   55
   60   65   70   73   75   77   79   82   86   90   93   94   95   94   93   93
   93   94   95   96   98   99  100  101  102
    47.5-180.0 180.0   5.0 450.0                            LAT/LON1/LON2/DLON/H
  105  106  106  105  105  104  103  101   98   93   88   85   83   83   85   88
   90   90   89   86   82   78   74   70   68   65   62   58   54   50   46   42
   40   38   37   37   38   40   43   46   49   52   53   53   52   52   54   58
   64   71   76   80   83   85   87   90   93   97   99   99   98   97   95   95
   95   96   97   98   99  100  101  103  105
    45.0-180.0 180.0   5.0 450.0                            LAT/LON1/LON2/DLON/H
  108  109  110  111  111  111  111  110  106  102   96   92   89   89   90   92
   94   96   95   93   90   86   82   78   74   71   66   62   56   52   47   44
   42   41   41   42   44   47   50   53   56   58   59   59   57   57   58   63
   69   77   84   89   92   94   96   99  102  104  105  104  102  100   98   98
   99  100  100  100  100  101  103  105  108
    42.5-180.0 180.0   5.0 450.0                            LAT/LON1/LON2/DLON/H
  110  112  113  114  114  116  116  116  114  110  105  100   97   95   95   97
   99  101  102  101   99   95   90   85   81   76   71   65   59   53   49   47
   45   45   46   48   50   52   55   58   61   63   64   63   62   61   63   68
   75   83   91   97  100  103  105  108  110  111  111  109  107  104  103  102
  103  105  105  104  103  103  104  107  110
    40.0-180.0 180.0   5.0 450.0                            LAT/LON1/LON2/DLON/H
  112  114  115  115  116  118  119  120  119  116  112  108  105  102  101  102
  104  107  109  109  107  103   98   92   86   80   74   67   61   55   51   49
   49   50   51   53   55   57   59   61   64   66   67   67   66   66   68   73
   80   89   97  103  107  110  113  115  117  118  117  115  112  109  108  109
  110  112  112  111  108  107  108  110  112
    37.5-180.0 180.0   5.0 450.0                            LAT/LON1/LON2/DLON/H
  116  117  117  116  117  118  120  122  123  122  119  116  113  110  108  108
  109  113  115  116  115  110  104   97   90   83   76   69   62   57   54   52
   53   54   55   57   58   59   61   63   65   67   69   69   69   69   72   77
   84   93  100  106  111  115  118  121  123  123  122  120  118  116  116  117
  119  121  121  119  116  114  113  114  116
    35.0-180.0 180.0   5.0 450.0                            LAT/LON1/LON2/DLON/H
  122  122  120  119  118  120  122  124  126  126  126  124  122  118  116  115
  116  119  122  123  120  115  107   99   92   85   77   70   64   59   57   56
   57   59   60   60   61   61   62   63   65   68   70   71   71   71   74   78
   85   93  100  106  112  116  121  125  127  127  127  126  124  124  125  127
  129  131  132  130  126  123  121  122  122
    32.5-180.0 180.0   5.0 450.0                            LAT/LON1/LON2/DLON/H
  132  130  128  125  124  125  126  128  130  132  133  133  131  128  125  123
  124  126  128  128  125  118  109  100   92   85   79   72   66   62   60   61
   62   63   64   63   63   63   63   64   65   67   69   71   71   71   73   77
   83   90   97  103  109  115  121  126  129  130  131  131  131  133  135  137
  140  143  143  142  138  135  132  132  132
    30.0-180.0 180.0   5.0 450.0                            LAT/LON1/LON2/DLON/H
  144  143  140  137  136  135  136  137  138  140  141  142  141  138  135  133
  133  134  134  132  127  119  109  100   93   86   80   74   68   65   64   65
   66   67   67   66   65   64   64   64   65   66   68   68   68   68   69   72
   77   83   90   97  104  112  119  125  129  132  134  136  138  141  145  148
  151  154  155  154  151  148  146  145  144
    27.5-180.0 180.0   5.0 450.0                            LAT/LON1/LON2/DLON/H
  160  159  157  154  153  152  152  152  152  152  153  154  153  150  147  144
  143  142  141  136  128  119  109  100   92   86   81   75   70   68   67   68
   70   70   69   67   65   64   64   64   64   64   64   64   63   62   62   64
   69   74   81   89   98  107  116  124  129  132  136  140  144  149  154  157
  161  164  165  165  163  161  160  159  160
    25.0-180.0 180.0   5.0 450.0                            LAT/LON1/LON2/DLON/H
  176  176  176  175  175  175  174  172  171  170  169  169  167  164  161  157
  155  152  147  139  129  117  107   99   93   87   82   77   72   69   69   70
   71   71   69   67   65   63   63   62   61   59   58   56   55   53   53   55
   58   64   72   81   91  102  113  121  127  132  137  143  150  156  161  165
  168  171  174  175  175  174  173  174  176
    22.5-180.0 180.0   5.0 450.0                            LAT/LON1/LON2/DLON/H
  191  193  195  197  198  199  198  196  193  190  188  186  183  179  175  171
  167  162  153  142  128  116  106   98   93   88   82   77   72   70   69   69
   70   69   66   64   62   60   59   58   55   52   49   47   45   43   43   44
   48   54   62   73   85   98  109  119  126  132  138  146  154  161  167  171
  174  177  180  182  183  184  185  188  191
    20.0-180.0 180.0   5.0 450.0                            LAT/LON1/LON2/DLON/H
  203  207  211  215  219  221  222  220  216  213  209  205  200  195  190  186
  180  171  159  144  128  114  104   97   92   87   82   76   71   68   67   66
   66   64   61   58   56   55   54   51   47   43   39   36   34   33   33   34
   38   45   54   67   80   94  106  117  125  132  140  148  157  165  171  175
  178  181  184  188  190  192  194  198  203
    17.5-180.0 180.0   5.0 450.0                            LAT/LON1/LON2/DLON/H
  211  217  222  228  233  237  239  239  236  232  228  223  217  210  205  199
  191  180  164  145  126  112  102   96   91   86   80   73   68   64   62   61
   59   57   54   51   49   48   46   43   38   33   29   26   24   24   25   27
   31   38   49   62   77   91  104  115  125  133  142  151  160  168  174  178
  181  184  187  191  194  197  200  205  211
    15.0-180.0 180.0   5.0 450.0                            LAT/LON1/LON2/DLON/H
  214  221  227  233  239  245  248  250  249  247  242  237  230  223  216  210
  200  186  167  145  125  109   99   94   89   83   76   69   63   60   57   55
   52   49   46   44   42   41   38   34   29   24   20   17   17   18   20   22
   26   34   45   59   75   90  103  115  126  136  146  155  164  172  178  181
  184  187  190  194  197  200  203  208  214
    12.5-180.0 180.0   5.0 450.0                            LAT/LON1/LON2/DLON/H
  214  220  226  231  237  243  248  252  253  253  250  245  238  231  224  217
  206  190  168  144  123  106   97   90   85   78   71   64   58   55   52   49
   46   43   40   38   36   35   32   27   22   17   14   12   13   15   18   20
   25   32   43   57   73   88  102  115  128  139  150  160  169  176  182  186
  188  191  194  197  200  202  205  209  214
    10.0-180.0 180.0   5.0 450.0                            LAT/LON1/LON2/DLON/H
  213  217  221  225  229  234  240  245  249  250  250  246  241  234  228  219
  207  190  167  142  120  103   93   87   81   73   66   59   54   51   48   45
   41   38   36   34   33   31   28   23   18   14   11   11   12   15   18   21
   25   31   42   56   72   87  102  116  130  144  156  166  174  181  187  191
  193  195  198  200  202  203  205  208  213
     7.5-180.0 180.0   5.0 450.0                            LAT/LON1/LON2/DLON/H
  211  214  216  217  219  222  227  232  237  241  242  241  237  232  225  217
  204  186  163  138  116  100   90   83   76   68   61   55   51   49   46   43
   39   37   35   34   32   30   27   22   18   14   12   13   15   18   21   23
   26   31   41   54   70   86  101  117  132  147  160  171  179  186  192  196
  199  200  202  203  204  205  206  208  211
     5.0-180.0 180.0   5.0 450.0                            LAT/LON1/LON2/DLON/H
  210  212  212  211  211  212  214  218  223  227  230  230  229  225  219  210
  196  178  156  132  112   96   86   79   72   64   57   53   50   49   46   43
   40   38   37   36   35   32   28   24   20   17   16   16   18   21   23   25
   27   32   40   53   68   84  100  116  133  149  163  174  183  190  196  200
  203  204  205  206  206  205  206  208  210
     2.5-180.0 180.0   5.0 450.0                            LAT/LON1/LON2/DLON/H
  210  211  211  209  206  205  205  207  210  213  216  218  217  215  209  200
  186  168  147  125  106   92   82   75   68   61   56   52   51   50   48   45
   42   41   40   40   39   36   32   28   24   22   20   20   21   23   26   27
   29   32   39   51   66   82   98  114  131  148  162  174  183  191  197  201
  204  206  206  206  205  205  205  207  210
