c2pg1520.19i
     1.0            IONOSPHERE MAPS     GNSS                IONEX VERSION / TYPE
IONINX V5.3         AIUB                31-MAY-19 08:55     PGM / RUN BY / DATE 
CODE'S 2-DAY PREDICTED IONOSPHERE MAPS FOR DAY 152, 2019    COMMENT             
Global ionosphere maps (GIM) are generated on a daily basis DESCRIPTION         
at CODE using data from about 120 GNSS sites of the IGS and DESCRIPTION         
other institutions. The vertical total electron content     DESCRIPTION         
(VTEC) is modeled in a solar-geomagnetic reference frame    DESCRIPTION         
using a spherical harmonics expansion up to degree and      DESCRIPTION         
order 15. Piece-wise linear functions are used for          DESCRIPTION         
representation in the time domain. The time spacing of      DESCRIPTION         
their vertices is 1 hour, conforming with the epochs of the DESCRIPTION         
VTEC maps.                                                  DESCRIPTION         
To convert line-of-sight TEC into vertical TEC, a modified  DESCRIPTION         
single-layer model mapping function approximating the JPL   DESCRIPTION         
extended slab model mapping function is adopted. The        DESCRIPTION         
mapping function is evaluated at geodetic satellite         DESCRIPTION         
elevation angles. For the computation of the ionospheric    DESCRIPTION         
pierce points, a spherical layer with a radius of 6821 km   DESCRIPTION         
is assumed, implying geocentric, not geodetic IONEX         DESCRIPTION         
latitudes.                                                  DESCRIPTION         
Instrumental biases with respect to each involved GNSS code DESCRIPTION         
observable are estimated as constant values for each        DESCRIPTION         
day. They are modeled with one set of bias parameters for   DESCRIPTION         
each satellite and each station in case of GPS and for each DESCRIPTION         
satellite-station link in case of GLONASS. The code bias    DESCRIPTION         
datum is defined by zero-mean conditions imposed on the     DESCRIPTION         
satellite bias estimates. In this file, just GPS C1W-C2W    DESCRIPTION         
satellite and station bias values are included. The         DESCRIPTION         
complete set of GNSS code bias results is provided in an    DESCRIPTION         
additional Bias-SINEX file as pseudo-absolute values        DESCRIPTION         
specific to each observable.                                DESCRIPTION         
Contact address: code(at)aiub.unibe.ch                      DESCRIPTION         
Data archive:    ftp.aiub.unibe.ch/CODE/                    DESCRIPTION         
                 www.aiub.unibe.ch/download/CODE/           DESCRIPTION         
  2019     6     1     0     0     0                        EPOCH OF FIRST MAP  
  2019     6     2     0     0     0                        EPOCH OF LAST MAP   
  3600                                                      INTERVAL            
    25                                                      # OF MAPS IN FILE   
  NONE                                                      MAPPING FUNCTION    
    10.0                                                    ELEVATION CUTOFF    
One-way carrier phase leveled to code                       OBSERVABLES USED    
  6371.0                                                    BASE RADIUS         
     2                                                      MAP DIMENSION       
   450.0 450.0   0.0                                        HGT1 / HGT2 / DHGT  
    87.5 -87.5  -2.5                                        LAT1 / LAT2 / DLAT  
  -180.0 180.0   5.0                                        LON1 / LON2 / DLON  
    -1                                                      EXPONENT            
TEC/RMS values in 0.1 TECU; 9999, if no value available     COMMENT             
                                                            END OF HEADER       
[from data line 6006]
    15                                                      START OF TEC MAP    
  2019     6     1    14     0     0                        EPOCH OF CURRENT MAP
    87.5-180.0 180.0   5.0 450.0                            LAT/LON1/LON2/DLON/H
   75   75   75   75   76   76   76   76   76   77   77   77   77   77   77   78
   78   78   78   78   78   78   78   78   77   77   77   77   77   77   77   77
   77   77   77   77   77   77   77   77   76   76   76   76   76   76   76   76
   76   75   75   75   75   75   75   74   74   74   74   74   74   74   74   74
   74   74   74   74   74   74   74   74   75
    85.0-180.0 180.0   5.0 450.0                            LAT/LON1/LON2/DLON/H
   72   73   73   74   74   75   75   76   77   77   78   78   78   79   79   79
   79   79   79   79   79   79   78   78   78   78   78   77   77   77   77   77
   77   77   77   77   77   77   77   77   77   77   77   76   76   76   76   76
   75   75   75   74   74   73   73   73   72   72   71   71   71   70   70   70
   70   70   70   70   70   71   71   71   72
    82.5-180.0 180.0   5.0 450.0                            LAT/LON1/LON2/DLON/H
   68   69   70   71   72   73   74   75   76   77   78   78   79   79   80   80
   80   80   80   80   79   79   79   78   78   77   77   77   76   76   76   76
   76   76   77   77   77   77   77   77   77   77   77   77   77   76   76   76
   75   75   74   74   73   72   71   71   70   69   68   68   67   66   66   66
   65   65   65   65   65   66   66   67   68
    80.0-180.0 180.0   5.0 450.0                            LAT/LON1/LON2/DLON/H
   63   64   66   67   69   70   72   73   74   76   77   78   79   79   80   80
   81   81   80   80   80   79   79   78   77   77   76   76   76   75   75   76
   76   76   77   77   77   77   78   78   78   77   77   77   77   76   76   75
   75   74   74   73   72   71   70   69   68   67   66   64   63   62   61   61
   60   60   59   59   60   60   61   62   63
    77.5-180.0 180.0   5.0 450.0                            LAT/LON1/LON2/DLON/H
   58   59   61   63   64   66   68   70   72   73   75   76   77   78   79   80
   80   80   80   80   80   79   79   78   77   76   76   75   75   75   75   75
   76   76   77   77   78   78   78   78   78   77   77   77   76   76   75   75
   74   73   73   72   71   70   69   68   66   65   63   62   60   59   57   56
   55   54   54   54   54   54   55   56   58
    75.0-180.0 180.0   5.0 450.0                            LAT/LON1/LON2/DLON/H
   52   54   56   58   60   62   64   66   68   69   71   73   74   76   77   78
   79   79   80   80   80   79   79   78   77   76   75   74   74   74   74   75
   75   76   77   77   78   78   78   77   77   76   76   75   75   74   74   73
   73   72   72   71   70   69   68   67   65   63   61   60   58   56   54   52
   51   50   49   49   49   49   50   51   52
    72.5-180.0 180.0   5.0 450.0                            LAT/LON1/LON2/DLON/H
   48   50   52   53   55   57   59   61   63   65   67   69   70   72   74   75
   76   77   78   79   79   79   79   78   77   76   75   74   73   73   74   74
   75   76   76   77   77   77   76   76   75   74   74   73   73   72   72   72
   72   71   71   70   70   69   67   66   64   62   60   58   56   54   52   50
   48   47   46   45   45   45   46   47   48
    70.0-180.0 180.0   5.0 450.0                            LAT/LON1/LON2/DLON/H
   45   46   48   50   51   53   55   57   59   61   62   64   66   68   70   72
   73   75   76   77   78   79   79   78   77   76   75   74   73   73   73   74
   74   75   76   76   76   75   74   73   72   71   71   71   71   71   71   71
   71   71   70   70   69   68   67   66   64   62   60   58   56   54   52   49
   48   46   44   43   43   42   43   44   45
    67.5-180.0 180.0   5.0 450.0                            LAT/LON1/LON2/DLON/H
   43   44   45   47   48   49   51   53   54   56   58   60   63   65   67   69
   70   72   74   75   77   78   78   78   77   76   75   73   72   72   72   73
   74   74   75   74   74   72   71   70   69   68   69   69   70   70   71   71
   71   71   71   70   69   68   67   66   64   62   61   59   56   54   52   50
   48   46   44   43   42   41   41   42   43
    65.0-180.0 180.0   5.0 450.0                            LAT/LON1/LON2/DLON/H
   41   42   43   44   45   46   48   49   51   53   55   57   60   62   64   66
   68   69   71   73   74   76   76   77   76   75   74   73   72   72   72   72
   73   73   73   73   71   70   68   67   66   67   68   69   70   71   72   73
   72   72   72   71   70   69   68   66   65   63   62   60   58   56   54   52
   50   48   46   44   42   41   41   41   41
    62.5-180.0 180.0   5.0 450.0                            LAT/LON1/LON2/DLON/H
   40   41   42   43   43   44   45   46   48   50   52   55   57   60   62   64
   65   67   69   70   72   73   74   75   75   74   73   72   72   71   72   72
   73   73   72   71   70   68   66   65   65   66   68   71   73   74   75   75
   75   74   74   73   72   70   69   68   66   65   63   62   60   58   56   54
   52   50   48   45   43   42   41   40   40
    60.0-180.0 180.0   5.0 450.0                            LAT/LON1/LON2/DLON/H
   40   41   41   42   42   43   43   44   46   48   51   53   56   59   61   63
   64   65   66   68   69   70   72   73   73   73   73   72   72   72   72   72
   73   73   72   71   69   67   66   65   66   69   72   75   78   79   80   80
   79   77   76   75   74   73   71   70   69   67   66   64   63   61   59   57
   55   52   50   47   45   43   41   40   40
    57.5-180.0 180.0   5.0 450.0                            LAT/LON1/LON2/DLON/H
   41   41   41   42   42   42   43   43   45   47   50   53   56   58   60   62
   63   64   65   66   67   68   69   70   72   72   73   73   73   73   73   74
   74   74   74   72   70   68   67   68   70   73   77   81   84   85   85   84
   83   81   80   78   77   76   75   74   72   71   70   68   66   64   62   59
   57   54   51   49   46   44   42   41   41
    55.0-180.0 180.0   5.0 450.0                            LAT/LON1/LON2/DLON/H
   42   42   42   42   43   43   43   44   45   47   49   52   55   58   61   62
   63   64   64   65   65   66   67   69   71   72   74   74   75   75   76   76
   77   77   76   75   73   72   72   73   75   79   84   87   90   91   90   89
   87   85   83   82   81   80   79   78   77   76   74   72   70   67   64   61
   58   56   53   50   48   45   43   42   42
    52.5-180.0 180.0   5.0 450.0                            LAT/LON1/LON2/DLON/H
   44   44   44   45   45   45   46   46   47   48   50   53   56   59   61   63
   64   65   65   65   65   66   67   69   71   74   76   77   78   79   79   80
   80   80   80   79   78   78   78   79   82   86   91   94   96   96   94   92
   91   89   88   87   86   85   84   84   83   82   80   78   74   70   66   63
   60   57   54   52   49   47   45   44   44
    50.0-180.0 180.0   5.0 450.0                            LAT/LON1/LON2/DLON/H
   46   46   47   48   48   49   49   49   50   51   52   55   57   60   62   64
   65   66   67   67   67   68   69   71   74   77   79   81   82   83   83   84
   84   84   85   85   85   85   86   88   91   94   97  100  101  100   98   96
   94   94   93   93   92   91   91   90   90   89   87   84   79   74   69   65
   61   58   55   53   51   50   48   47   46
    47.5-180.0 180.0   5.0 450.0                            LAT/LON1/LON2/DLON/H
   50   50   50   51   53   53   54   54   54   55   56   57   59   62   64   66
   68   69   70   70   71   72   74   76   78   81   84   86   87   88   88   88
   88   89   91   92   93   94   95   97   99  102  104  105  105  103  101  100
   99   99   99  100   99   99   98   98   98   97   95   91   85   79   73   67
   63   60   57   55   54   53   52   51   50
    45.0-180.0 180.0   5.0 450.0                            LAT/LON1/LON2/DLON/H
   53   53   54   55   56   58   58   59   59   59   60   61   63   65   67   69
   71   72   74   75   76   78   80   82   84   87   89   91   92   92   92   92
   93   95   98  100  103  104  106  107  108  110  110  110  109  107  105  105
  105  106  107  108  108  107  107  107  106  105  103   98   92   84   77   71
   66   62   59   58   57   56   55   54   53
    42.5-180.0 180.0   5.0 450.0                            LAT/LON1/LON2/DLON/H
   56   56   56   57   59   60   61   62   62   63   64   66   68   70   72   73
   75   77   79   81   83   85   87   89   91   93   95   96   96   96   96   97
   99  102  106  110  113  116  117  118  119  119  118  116  114  113  111  111
  112  114  116  117  117  116  116  115  115  113  110  105   98   90   82   75
   70   66   63   61   60   59   59   58   56
    40.0-180.0 180.0   5.0 450.0                            LAT/LON1/LON2/DLON/H
   59   58   57   58   60   61   62   63   64   66   68   71   74   76   78   79
   81   82   84   87   89   92   95   97   98   99  100  101  101  101  101  103
  106  111  116  121  126  129  130  131  130  129  127  125  122  120  120  120
  122  124  126  127  127  126  124  123  122  120  116  111  103   96   88   81
   75   70   66   64   63   62   61   60   59
    37.5-180.0 180.0   5.0 450.0                            LAT/LON1/LON2/DLON/H
   60   58   57   57   58   59   60   61   63   66   70   75   79   83   85   86
   87   88   90   92   96   99  102  103  104  105  105  105  105  106  107  110
  115  122  128  135  139  143  145  145  144  141  138  135  133  131  130  131
  132  135  136  137  136  134  132  130  127  124  120  114  107  100   93   87
   81   75   71   67   65   64   63   62   60
    35.0-180.0 180.0   5.0 450.0                            LAT/LON1/LON2/DLON/H
   60   58   56   55   54   55   56   57   59   64   70   77   84   89   91   93
   93   93   95   97  101  104  107  108  109  109  109  110  110  112  115  120
  126  134  142  149  154  158  160  160  158  155  152  148  146  144  143  143
  144  145  146  146  144  142  138  134  130  126  120  115  109  103   97   92
   86   80   74   70   67   65   64   63   60
    32.5-180.0 180.0   5.0 450.0                            LAT/LON1/LON2/DLON/H
   60   57   54   51   50   49   49   50   53   59   67   77   86   93   97   98
   98   98   99  101  104  107  110  111  112  112  113  114  116  120  124  131
  140  149  157  164  170  173  175  176  174  171  167  163  160  158  156  155
  154  154  154  153  151  147  142  136  130  124  118  112  107  103   99   95
   90   84   78   72   68   65   64   63   60
    30.0-180.0 180.0   5.0 450.0                            LAT/LON1/LON2/DLON/H
   60   56   52   49   46   44   43   43   46   52   62   74   86   95  101  103
  102  101  101  103  106  109  111  113  113  115  117  120  124  129  136  144
  154  164  173  180  184  188  190  191  189  186  181  177  174  171  168  166
  163  162  161  159  155  150  143  135  127  119  111  106  102  100   98   96
   92   86   79   72   68   65   64   62   60
    27.5-180.0 180.0   5.0 450.0                            LAT/LON1/LON2/DLON/H
   59   56   52   48   44   40   38   37   39   45   56   69   83   95  102  105
  104  103  103  104  106  109  111  113  115  117  121  127  134  141  149  159
  169  179  188  193  197  200  203  204  203  199  194  190  186  183  179  174
  170  167  165  162  157  150  141  131  120  110  102   97   94   93   93   93
   90   85   78   72   66   64   63   62   59
    25.0-180.0 180.0   5.0 450.0                            LAT/LON1/LON2/DLON/H
   59   57   53   48   43   39   36   34   35   40   50   63   79   92  101  104
  105  103  102  103  105  108  110  113  116  121  127  136  145  154  164  174
  184  193  200  205  208  210  213  214  213  209  204  200  195  191  186  180
  175  171  168  164  157  148  136  123  111  100   92   86   84   84   85   86
   85   81   75   69   64   62   61   61   59
    22.5-180.0 180.0   5.0 450.0                            LAT/LON1/LON2/DLON/H
   59   57   54   49   45   40   37   34   34   37   45   58   74   88   98  102
  103  102  102  102  104  107  110  114  119  126  135  146  157  168  178  188
  197  205  210  213  215  217  220  221  220  216  211  206  201  196  190  184
  178  173  169  164  155  143  128  114  100   89   80   75   73   74   75   77
   77   74   70   65   61   59   59   59   59
    20.0-180.0 180.0   5.0 450.0                            LAT/LON1/LON2/DLON/H
   57   56   54   51   47   43   40   37   36   37   44   55   69   83   94   99
  101  101  101  102  104  108  112  117  123  132  144  157  169  181  191  199
  207  213  217  218  219  221  223  225  223  219  213  208  203  198  192  185
  179  174  170  162  151  136  120  103   89   78   70   66   63   63   64   65
   66   66   63   60   57   55   55   56   57
    17.5-180.0 180.0   5.0 450.0                            LAT/LON1/LON2/DLON/H
   53   54   53   51   49   46   44   42   40   40   44   53   66   80   91   97
   99   99  100  102  106  110  115  122  130  141  154  168  181  192  201  209
  215  219  221  222  222  223  225  225  224  219  213  208  203  198  192  186
  180  175  169  160  147  129  110   93   80   70   62   58   55   53   53   54
   55   56   56   54   52   51   51   52   53
    15.0-180.0 180.0   5.0 450.0                            LAT/LON1/LON2/DLON/H
   48   50   50   49   49   48   47   46   44   43   45   53   64   77   88   94
   97   99  101  104  108  114  121  128  138  150  164  178  191  202  210  216
  220  222  223  223  223  224  225  225  222  217  211  205  201  196  191  185
  179  174  168  158  142  122  102   85   73   64   58   53   49   46   45   45
   46   48   48   48   46   45   45   46   48
    12.5-180.0 180.0   5.0 450.0                            LAT/LON1/LON2/DLON/H
   41   43   44   45   46   47   48   48   47   46   47   53   64   76   86   93
   97  100  103  107  113  120  128  137  148  160  174  188  200  209  216  220
  223  225  225  224  224  224  224  223  219  214  207  202  198  194  188  182
  177  172  165  153  136  115   95   79   68   61   56   51   46   43   40   39
   39   41   43   43   42   40   39   40   41
    10.0-180.0 180.0   5.0 450.0                            LAT/LON1/LON2/DLON/H
   34   36   37   39   40   43   45   47   47   46   47   53   63   75   86   93
   98  102  107  112  119  127  136  146  157  170  183  195  206  214  219  223
  225  226  226  226  225  224  223  220  216  210  203  198  194  190  184  178
  173  168  160  148  130  109   90   76   67   61   56   51   46   42   38   36
   36   38   39   39   38   36   34   33   34
     7.5-180.0 180.0   5.0 450.0                            LAT/LON1/LON2/DLON/H
   28   29   30   32   34   36   40   42   43   43   45   51   61   74   85   94
  100  106  112  118  126  135  144  154  165  178  190  201  210  216  221  224
  226  227  227  227  226  224  221  217  212  205  198  193  188  184  178  172
  166  161  153  140  123  104   87   75   67   62   57   53   48   43   40   37
   37   37   38   38   36   33   30   28   28
     5.0-180.0 180.0   5.0 450.0                            LAT/LON1/LON2/DLON/H
   25   25   25   26   27   30   33   36   37   38   40   47   58   71   84   94
  102  109  117  125  133  142  151  161  172  184  195  204  212  218  221  224
  226  227  227  227  225  223  219  213  206  199  192  186  181  176  170  163
  157  150  142  130  115   98   84   74   68   63   59   54   50   46   44   41
   40   40   39   38   36   32   29   26   25
     2.5-180.0 180.0   5.0 450.0                            LAT/LON1/LON2/DLON/H
   25   24   23   23   23   24   27   29   30   31   35   42   54   68   82   94
  104  113  122  131  139  148  157  166  176  187  197  206  212  217  221  223
  224  225  225  225  223  219  213  206  199  191  184  178  172  166  159  152
  145  138  130  119  106   92   81   74   68   63   59   54   51   49   48   47
   45   44   42   40   37   34   30   27   25
