c2pg1520.19i
     1.0            IONOSPHERE MAPS     GNSS                IONEX VERSION / TYPE
IONINX V5.3         AIUB                31-MAY-19 08:55     PGM / RUN BY / DATE 
CODE'S 2-DAY PREDICTED IONOSPHERE MAPS FOR DAY 152, 2019    COMMENT             
Global ionosphere maps (GIM) are generated on a daily basis DESCRIPTION         
at CODE using data from about 120 GNSS sites of the IGS and DESCRIPTION         
other institutions. The vertical total electron content     DESCRIPTION         
(VTEC) is modeled in a solar-geomagnetic reference frame    DESCRIPTION         
using a spherical harmonics expansion up to degree and      DESCRIPTION         
order 15. Piece-wise linear functions are used for          DESCRIPTION         
representation in the time domain. The time spacing of      DESCRIPTION         
their vertices is 1 hour, conforming with the epochs of the DESCRIPTION         
VTEC maps.                                                  DESCRIPTION         
To convert line-of-sight TEC into vertical TEC, a modified  DESCRIPTION         
single-layer model mapping function approximating the JPL   DESCRIPTION         
extended slab model mapping function is adopted. The        DESCRIPTION         
mapping function is evaluated at geodetic satellite         DESCRIPTION         
elevation angles. For the computation of the ionospheric    DESCRIPTION         
pierce points, a spherical layer with a radius of 6821 km   DESCRIPTION         
is assumed, implying geocentric, not geodetic IONEX         DESCRIPTION         
latitudes.                                                  DESCRIPTION         
Instrumental biases with respect to each involved GNSS code DESCRIPTION         
observable are estimated as constant values for each        DESCRIPTION         
day. They are modeled with one set of bias parameters for   DESCRIPTION         
each satellite and each station in case of GPS and for each DESCRIPTION         
satellite-station link in case of GLONASS. The code bias    DESCRIPTION         
datum is defined by zero-mean conditions imposed on the     DESCRIPTION         
satellite bias estimates. In this file, just GPS C1W-C2W    DESCRIPTION         
satellite and station bias values are included. The         DESCRIPTION         
complete set of GNSS code bias results is provided in an    DESCRIPTION         
additional Bias-SINEX file as pseudo-absolute values        DESCRIPTION         
specific to each observable.                                DESCRIPTION         
Contact address: code(at)aiub.unibe.ch                      DESCRIPTION         
Data archive:    ftp.aiub.unibe.ch/CODE/                    DESCRIPTION         
                 www.aiub.unibe.ch/download/CODE/           DESCRIPTION         
  2019     6     1     0     0     0                        EPOCH OF FIRST MAP  
  2019     6     2     0     0     0                        EPOCH OF LAST MAP   
  3600                                                      INTERVAL            
    25                                                      # OF MAPS IN FILE   
  NONE                                                      MAPPING FUNCTION    
    10.0                                                    ELEVATION CUTOFF    
One-way carrier phase leveled to code                       OBSERVABLES USED    
  6371.0                                                    BASE RADIUS         
     2                                                      MAP DIMENSION       
   450.0 450.0   0.0                                        HGT1 / HGT2 / DHGT  
    87.5 -87.5  -2.5                                        LAT1 / LAT2 / DLAT  
  -180.0 180.0   5.0                                        LON1 / LON2 / DLON  
    -1                                                      EXPONENT            
TEC/RMS values in 0.1 TECU; 9999, if no value available     COMMENT             
                                                            END OF HEADER       
[from data line 9867]
    24                                                      START OF TEC MAP    
  2019     6     1    23     0     0                        EPOCH OF CURRENT MAP
    87.5-180.0 180.0   5.0 450.0                            LAT/LON1/LON2/DLON/H
   75   75   76   76   77   77   77   78   78   78   78   78   78   78   78   78
   77   77   76   76   75   75   74   74   73   72   72   71   70   70   69   68
   68   67   67   67   66   66   65   65   65   65   65   65   64   64   64   65
   65   65   65   65   65   65   66   66   66   67   67   68   68   68   69   69
   70   71   71   72   72   73   74   74   75
    85.0-180.0 180.0   5.0 450.0                            LAT/LON1/LON2/DLON/H
   77   78   79   81   82   82   83   84   84   85   85   85   85   85   85   84
   83   83   82   81   80   78   77   76   74   73   71   70   69   68   66   65
   64   64   63   62   62   61   61   61   60   60   60   60   60   60   60   61
   61   61   61   61   62   62   62   63   63   63   64   64   65   66   66   67
   68   69   70   71   72   74   75   76   77
    82.5-180.0 180.0   5.0 450.0                            LAT/LON1/LON2/DLON/H
   78   80   81   83   84   86   87   88   89   89   90   90   90   90   90   89
   88   87   86   84   82   81   79   77   75   73   71   69   67   65   64   62
   61   60   59   59   58   58   58   58   58   58   58   58   59   59   59   59
   60   60   60   60   61   61   61   61   61   61   62   62   62   63   64   65
   66   67   68   70   71   73   74   76   78
    80.0-180.0 180.0   5.0 450.0                            LAT/LON1/LON2/DLON/H
   77   79   81   83   85   87   88   89   90   91   92   92   92   92   92   91
   90   89   88   86   84   82   79   77   74   72   69   67   64   63   61   60
   59   58   57   57   57   56   56   57   57   57   58   58   59   59   60   60
   61   61   61   61   61   61   61   61   61   61   61   61   61   61   62   62
   63   64   66   67   69   71   73   75   77
    77.5-180.0 180.0   5.0 450.0                            LAT/LON1/LON2/DLON/H
   75   77   79   81   83   85   87   88   89   90   91   91   92   92   91   91
   90   89   88   87   85   82   79   76   73   70   67   65   62   61   59   58
   57   57   56   56   56   56   56   56   57   57   58   58   59   60   61   62
   62   63   63   63   63   63   63   62   62   61   61   60   60   60   60   61
   61   62   63   65   66   68   70   72   75
    75.0-180.0 180.0   5.0 450.0                            LAT/LON1/LON2/DLON/H
   72   74   77   79   81   83   84   86   87   87   88   88   89   89   89   89
   89   88   87   86   84   82   79   76   73   69   66   63   61   59   58   58
   57   57   57   57   57   56   56   56   56   56   57   58   59   60   61   62
   63   64   65   65   65   65   64   64   63   62   61   61   60   60   60   60
   60   61   62   63   64   66   68   70   72
    72.5-180.0 180.0   5.0 450.0                            LAT/LON1/LON2/DLON/H
   70   72   74   76   78   79   81   82   83   83   84   84   84   85   85   85
   86   86   86   85   84   82   79   76   72   69   65   62   60   59   58   58
   58   58   58   58   57   56   55   54   53   53   54   55   56   57   59   61
   62   63   64   65   65   65   65   64   64   63   62   62   61   61   61   61
   61   61   62   63   64   65   67   68   70
    70.0-180.0 180.0   5.0 450.0                            LAT/LON1/LON2/DLON/H
   69   71   72   74   75   76   78   79   79   80   80   80   80   81   81   82
   83   84   84   84   84   82   80   76   72   69   65   62   60   59   59   59
   60   60   59   58   56   54   52   50   49   48   48   49   51   52   54   56
   58   60   61   62   62   63   63   63   63   63   63   63   62   62   62   63
   63   63   64   64   65   66   67   68   69
    67.5-180.0 180.0   5.0 450.0                            LAT/LON1/LON2/DLON/H
   70   71   71   72   73   74   75   76   76   77   77   77   77   77   78   79
   81   82   83   84   84   83   80   77   73   69   66   63   61   61   61   61
   61   61   60   58   54   51   47   44   42   41   41   42   44   46   48   50
   52   54   55   56   58   59   60   61   61   62   62   63   64   64   65   65
   66   66   67   67   68   68   69   69   70
    65.0-180.0 180.0   5.0 450.0                            LAT/LON1/LON2/DLON/H
   72   72   72   73   73   73   73   74   74   74   74   74   75   75   76   77
   79   81   82   84   84   83   81   78   74   71   67   65   63   63   63   63
   63   62   59   56   51   46   42   38   35   34   34   35   37   39   41   43
   45   46   48   50   51   53   55   57   58   60   62   63   64   66   67   68
   69   70   70   71   72   72   72   72   72
    62.5-180.0 180.0   5.0 450.0                            LAT/LON1/LON2/DLON/H
   77   76   75   75   74   73   73   73   72   72   72   73   73   74   75   77
   78   80   82   83   84   84   82   79   76   72   69   67   66   65   65   65
   64   62   58   53   47   42   37   32   30   29   29   30   32   34   36   37
   38   39   41   43   45   47   50   53   56   58   61   63   65   67   69   71
   72   73   75   76   76   77   77   77   77
    60.0-180.0 180.0   5.0 450.0                            LAT/LON1/LON2/DLON/H
   83   82   80   79   77   75   74   72   72   71   71   71   72   73   75   76
   78   80   81   83   84   84   83   81   78   75   72   70   69   68   68   67
   65   61   56   50   44   38   33   30   28   27   28   29   31   32   33   33
   34   34   35   37   40   43   47   50   54   57   60   63   65   68   70   73
   75   77   78   80   81   83   83   83   83
    57.5-180.0 180.0   5.0 450.0                            LAT/LON1/LON2/DLON/H
   89   88   87   84   82   79   76   74   72   71   70   70   71   73   75   76
   78   80   81   82   83   83   83   82   80   78   76   74   73   72   70   68
   65   60   55   48   42   37   33   31   30   30   31   32   33   34   34   33
   32   32   33   35   38   41   46   50   54   57   60   63   66   69   72   74
   77   79   81   84   86   88   89   90   89
    55.0-180.0 180.0   5.0 450.0                            LAT/LON1/LON2/DLON/H
   96   96   94   92   89   85   81   77   74   71   70   70   71   72   75   77
   78   80   81   81   82   83   83   83   83   82   80   79   77   76   73   70
   66   60   54   48   43   39   37   36   36   37   38   39   39   39   37   36
   34   33   34   36   39   43   48   52   56   60   63   65   68   71   74   76
   79   81   84   87   89   92   94   96   96
    52.5-180.0 180.0   5.0 450.0                            LAT/LON1/LON2/DLON/H
  102  102  102  100   97   93   89   84   79   74   72   71   71   73   75   77
   79   80   81   81   82   83   84   86   86   86   86   84   82   80   77   72
   67   61   54   49   45   43   43   44   45   46   47   48   47   46   43   41
   39   38   38   40   44   48   53   57   61   64   67   69   71   73   76   78
   80   83   86   89   92   95   98  101  102
    50.0-180.0 180.0   5.0 450.0                            LAT/LON1/LON2/DLON/H
  106  108  109  108  106  103   98   92   86   81   76   74   74   75   77   79
   81   82   82   82   83   84   86   89   91   92   92   90   87   84   80   75
   68   62   57   52   50   50   51   53   55   56   57   57   56   53   51   48
   46   45   45   47   51   55   60   64   68   70   72   74   75   77   79   81
   83   85   87   90   93   97  101  104  106
    47.5-180.0 180.0   5.0 450.0                            LAT/LON1/LON2/DLON/H
  108  111  113  115  114  112  109  103   96   90   84   80   79   79   80   83
   84   85   85   85   85   87   90   93   96   98   98   96   92   88   83   77
   71   65   60   57   56   58   60   62   64   64   65   64   62   60   58   55
   53   53   53   55   59   63   67   72   75   78   79   80   81   82   84   85
   86   88   89   92   95   98  102  105  108
    45.0-180.0 180.0   5.0 450.0                            LAT/LON1/LON2/DLON/H
  108  112  115  118  120  120  118  114  107  101   94   89   86   85   86   88
   89   90   89   89   89   91   95   99  103  105  105  102   97   92   86   79
   73   68   64   62   63   64   67   69   70   70   70   69   68   66   64   62
   61   60   61   63   66   69   74   78   82   85   86   87   87   88   89   90
   91   91   92   94   96   99  102  105  108
    42.5-180.0 180.0   5.0 450.0                            LAT/LON1/LON2/DLON/H
  107  111  115  119  122  125  125  123  118  112  106  100   96   94   94   94
   95   96   95   95   95   98  102  106  111  113  112  108  102   95   88   82
   76   72   68   67   68   70   72   73   73   73   73   72   71   70   69   67
   67   67   67   68   70   74   78   83   88   91   92   93   94   95   96   96
   97   96   96   97   98  100  102  104  107
    40.0-180.0 180.0   5.0 450.0                            LAT/LON1/LON2/DLON/H
  106  109  112  116  121  125  128  128  126  122  117  112  107  104  102  102
  102  102  102  102  103  105  109  115  119  121  119  114  106   98   90   84
   79   75   73   72   73   74   75   75   75   74   74   74   74   74   73   72
   71   71   70   71   72   74   79   85   91   95   98   99  100  101  103  103
  103  102  102  101  101  102  103  104  106
    37.5-180.0 180.0   5.0 450.0                            LAT/LON1/LON2/DLON/H
  107  108  110  113  117  122  127  130  131  130  127  123  118  114  111  110
  109  110  110  110  111  114  118  124  128  129  126  119  110  100   92   86
   82   79   77   76   76   76   76   75   75   75   75   76   77   76   75   74
   73   72   71   70   70   72   77   84   92   98  101  104  105  107  109  110
  110  109  108  107  107  107  106  106  107
    35.0-180.0 180.0   5.0 450.0                            LAT/LON1/LON2/DLON/H
  111  110  110  111  114  119  124  129  133  134  134  132  128  124  120  117
  116  117  117  118  120  123  127  133  136  137  132  124  113  102   93   87
   84   81   80   79   78   77   76   75   75   75   77   79   79   79   77   74
   72   70   68   66   65   67   73   81   90   98  103  106  109  112  114  116
  116  115  115  114  114  113  113  112  111
    32.5-180.0 180.0   5.0 450.0                            LAT/LON1/LON2/DLON/H
  119  117  115  113  114  117  122  128  133  137  140  139  137  132  128  125
  123  123  124  126  128  132  137  141  144  143  137  127  115  103   94   88
   85   83   82   80   79   77   76   75   75   76   79   81   81   79   76   72
   69   66   63   60   59   61   67   76   86   96  102  107  111  115  119  121
  122  121  121  121  122  122  122  121  119
    30.0-180.0 180.0   5.0 450.0                            LAT/LON1/LON2/DLON/H
  132  129  125  121  119  120  123  129  135  141  145  147  145  141  137  133
  131  131  132  134  137  141  145  149  150  147  140  129  116  104   94   88
   85   83   82   80   79   77   76   75   76   78   80   82   81   77   72   67
   63   59   56   53   52   54   60   70   81   92  100  106  111  117  121  124
  126  127  127  129  131  132  133  133  132
    27.5-180.0 180.0   5.0 450.0                            LAT/LON1/LON2/DLON/H
  147  145  140  135  130  129  131  136  142  148  153  155  155  151  147  143
  140  139  140  143  147  151  154  156  154  149  140  128  115  103   94   87
   84   82   80   79   77   76   75   75   75   77   79   80   77   72   66   60
   55   51   49   47   46   47   53   63   74   86   96  103  110  117  122  126
  129  131  133  136  139  143  145  147  147
    25.0-180.0 180.0   5.0 450.0                            LAT/LON1/LON2/DLON/H
  163  162  159  153  148  146  147  150  154  160  164  167  167  164  160  155
  152  151  151  153  157  160  162  161  157  149  138  125  113  101   92   85
   82   79   77   75   74   73   73   73   73   75   75   73   69   63   56   50
   46   43   42   41   41   42   47   56   68   80   91  100  108  116  122  127
  131  134  137  142  147  152  157  161  163
    22.5-180.0 180.0   5.0 450.0                            LAT/LON1/LON2/DLON/H
  177  179  178  174  170  168  168  170  173  177  181  183  183  180  176  171
  167  165  164  166  168  170  170  165  157  146  133  120  108   98   89   82
   78   74   72   70   69   69   69   69   69   68   67   63   57   51   44   39
   36   36   36   36   37   38   42   50   61   73   85   96  106  115  122  128
  132  136  141  147  154  160  167  173  177
    20.0-180.0 180.0   5.0 450.0                            LAT/LON1/LON2/DLON/H
  188  193  194  193  191  191  191  193  195  198  201  202  202  200  195  190
  186  182  180  180  180  180  177  168  156  141  126  113  103   93   85   79
   73   68   65   63   63   63   63   62   61   58   55   49   43   37   32   29
   28   29   32   33   34   35   38   44   54   67   80   93  104  114  122  128
  133  138  145  152  159  167  174  181  188
    17.5-180.0 180.0   5.0 450.0                            LAT/LON1/LON2/DLON/H
  194  201  205  207  209  211  213  216  218  219  221  222  222  220  216  211
  206  201  197  195  193  190  183  170  153  135  118  106   96   89   82   75
   68   62   58   56   55   56   55   54   51   47   41   34   28   23   20   20
   22   25   28   31   32   33   34   40   49   63   77   91  103  114  122  130
  135  141  148  157  164  171  178  186  194
    15.0-180.0 180.0   5.0 450.0                            LAT/LON1/LON2/DLON/H
  196  203  210  215  220  225  230  233  236  238  239  240  240  238  235  231
  226  220  214  209  205  199  188  171  150  128  111   98   90   84   78   71
   63   56   52   49   48   48   47   45   41   35   28   21   15   12   12   14
   18   22   26   30   31   31   32   36   46   60   75   90  103  115  124  132
  138  145  153  162  169  175  181  188  196
    12.5-180.0 180.0   5.0 450.0                            LAT/LON1/LON2/DLON/H
  195  202  209  216  223  231  238  243  247  249  251  252  252  251  250  247
  243  236  229  221  214  205  191  170  146  123  104   92   85   80   75   67
   59   52   46   43   42   42   41   38   32   25   18   11    7    6    8   12
   17   21   25   28   30   29   30   34   44   59   75   91  105  117  127  135
  142  150  159  167  174  180  184  189  195
    10.0-180.0 180.0   5.0 450.0                            LAT/LON1/LON2/DLON/H
  194  200  206  213  221  229  238  244  249  252  254  256  257  257  257  256
  253  247  238  230  220  208  191  168  142  118   99   88   81   77   72   65
   57   49   43   40   39   38   36   32   27   20   12    7    4    5    8   13
   17   21   24   27   28   28   29   34   44   59   77   93  108  120  131  139
  147  156  165  173  180  185  187  190  194
     7.5-180.0 180.0   5.0 450.0                            LAT/LON1/LON2/DLON/H
  195  198  203  208  215  223  231  238  243  247  250  252  253  255  256  257
  255  250  242  233  222  208  189  165  138  114   96   85   79   75   70   63
   55   48   42   39   37   36   33   30   24   18   12    7    6    8   11   16
   19   21   23   25   26   27   28   34   45   60   78   95  110  123  134  144
  152  161  170  179  186  190  192  193  195
     5.0-180.0 180.0   5.0 450.0                            LAT/LON1/LON2/DLON/H
  198  200  201  205  209  216  222  228  233  236  239  241  242  245  248  250
  250  246  239  230  219  204  184  160  134  111   94   83   77   72   67   61
   54   48   43   40   38   36   33   30   25   20   15   12   11   13   16   19
   21   22   22   23   25   26   28   34   45   61   79   96  112  125  137  147
  156  165  175  184  191  196  197  198  198
     2.5-180.0 180.0   5.0 450.0                            LAT/LON1/LON2/DLON/H
  203  203  204  205  207  211  215  219  222  224  226  227  228  230  233  237
  238  236  230  222  211  197  177  154  129  108   92   81   74   69   64   59
   53   48   44   41   39   37   34   31   28   24   20   18   18   19   21   22
   22   22   21   22   23   25   29   35   45   60   77   95  111  125  138  149
  158  168  177  186  194  199  202  203  203
